Track,Time,Event,Channel,Note,Velocity,Order
2,4800, End_track,,,,
0,0, End_of_file,,,,